5
2 2
1 3
1 2
5 5
3 3 3 3 3
1 2
2 3
1 4
4 5
5 2
1 7 2 3 5
1 2
2 3
1 4
4 5
5 3
1 6 4 1 2
1 2
2 3
1 4
4 5
3 3
1 7 4
1 2
2 3
~
1
8 3
1 4 7 7 5 7 6 4
1 2
1 3
1 4
2 5
2 6
2 7
4 8
~
5
9 8
206683326 87040721 87040721 435543150 514117915 161349195 479545068 479613837 128874544
4 1
2 4
1 5
8 1
5 7
8 3
4 6
1 9
9 8
151426843 138742412 516881641 367946253 479819366 533021065 104864771 249296241 210782987
2 4
3 2
8 2
6 5
2 6
7 1
4 7
9 6
2 2
463672521 311713655
1 2
9 4
377804615 522874068 101778092 409548873 334317788 230030759 377804615 295237531 404145046
1 9
4 5
7 3
4 8
3 4
4 6
2 3
9 3
3 2
186935494 173667126 387904483
3 1
2 3
~
1
9 8
206683326 87040721 87040721 435543150 514117915 161349195 479545068 479613837 128874544
4 1
2 4
1 5
8 1
5 7
8 3
4 6
1 9
~
1
5 3
1 1 1 1 3
1 2
2 3
3 4
4 5
~
