3 2
1 2 1
3 4
~
2 2
0 1
1 0
~
2 3
1 0
1 1 2
~
3 5
1 2 1
5 5 5 5 5
~
3 2
1 2 1
5 5
~
16 16
90000000 90000000 90000000 90000000 90000000 90000000 90000000 90000000 90000000 90000000 90000000 90000000 90000000 90000000 90000000 90000000
100000000 100000000 100000000 100000000 100000000 100000000 100000000 100000000 100000000 100000000 100000000 100000000 100000000 100000000 100000000 100000000
~
16 16
100000000 100000000 100000000 100000000 100000000 100000000 100000000 100000000 100000000 100000000 100000000 100000000 100000000 100000000 100000000 100000000
90000000 90000000 90000000 90000000 90000000 90000000 90000000 90000000 90000000 90000000 90000000 90000000 90000000 90000000 90000000 90000000
~
4 2
1 5 8 4
9 6
~
3 3
7 2 6 
9 9 7 
~
3 3
1 1 2
3 4 6
~

