6
1 5
0 10
1 -5
0 5
1 11
0 -10
~
38
1 83723419
1 -83723419
1 43688531
0 107306488
0 -107306488
1 741108574
1 -741108574
1 22459404
1 -43688531
1 -22459404
0 348791796
0 -348791796
1 599443414
1 -599443414
0 124587329
1 95720501
0 -124587329
1 514657693
1 -514657693
1 -95720501
0 367146977
0 -367146977
0 913300866
0 788937177
0 -788937177
1 807916218
1 -807916218
0 -913300866
0 901311455
0 -901311455
0 180039378
1 547750560
0 -180039378
1 -547750560
1 981295007
1 -981295007
1 392151481
1 -392151481
~
37
0 136177412
0 -136177412
0 455326434
1 14442996
0 -455326434
0 958682748
1 104290903
0 -958682748
1 -14442996
1 -104290903
1 393108768
1 969925414
1 -393108768
1 -969925414
0 79968028
1 799927246
1 618210305
0 -79968028
1 -799927246
1 116180540
1 -116180540
1 -618210305
0 255573897
0 -255573897
0 295690421
0 -295690421
0 126320824
0 480081046
0 164983131
0 -480081046
1 402044589
0 -164983131
0 449987533
0 -449987533
1 927277221
1 -402044589
0 -126320824
~
